Travel Period,Pax,Total Market Pax,Pax Share %,Blended Fare,Blended Rev,Revenue Share %,RPK,Blended Yield
2017-01,188836,188836,0.9964,156,29476313,0.9927,628857816,0.046873
2017-02,154537,154537,0.9967,154,23755500,0.9940,526884833,0.045087
2017-03,167520,167520,0.9970,154,25765398,0.9939,578597510,0.044531
2017-04,153477,153477,0.9974,158,24227084,0.9942,535966466,0.045203
2017-05,164668,164668,0.9979,148,24436500,0.9949,554476685,0.044071
2017-06,156600,156600,0.9961,154,24113572,0.9907,528645531,0.045614
2017-07,187572,187572,0.9960,188,35245221,0.9929,648171334,0.054376
2017-08,190847,190847,0.9964,291,55625989,0.9956,721916353,0.077053
2017-09,187828,187828,0.9961,279,52494772,0.9952,687950792,0.076306
2017-10,176466,176466,0.9965,179,31560740,0.9918,603763743,0.052273
2017-11,194011,194011,0.9959,115,22291548,0.9854,576027139,0.038699
2017-12,235302,235302,0.9965,116,27299210,0.9881,660430539,0.041335
2018-01,239170,239170,0.9963,122,29165146,0.9888,702503296,0.041516
2018-02,196549,196549,0.9963,123,24157783,0.9857,587196803,0.041141
2018-03,222610,222610,0.9963,121,26952390,0.9889,657695969,0.040980
2018-04,197013,197013,0.9959,123,24180143,0.9865,577150721,0.041896
2018-05,200442,200442,0.9956,126,25157184,0.9876,593155382,0.042412
2018-06,196857,196857,0.9948,131,25735738,0.9848,566118288,0.045460
2018-07,213476,213476,0.9934,253,54070973,0.9901,726515731,0.074425
2018-08,215130,215130,0.9923,234,50272835,0.9883,697783507,0.072046
2018-09,226680,226680,0.9945,282,63976334,0.9931,772204805,0.082849
2018-10,218835,218835,0.9950,130,28512045,0.9872,664733125,0.042892
2018-11,199877,199877,0.9951,137,27284703,0.9867,639554433,0.042662
2018-12,217511,217511,0.9947,143,31005999,0.9873,674487945,0.045970
2019-01,222086,222086,0.9941,148,32935111,0.9883,719969149,0.045745
2019-02,205934,205934,0.9943,147,30370452,0.9896,651472731,0.046618
2019-03,223283,223283,0.9936,156,34753440,0.9877,717967725,0.048405
2019-04,215651,215651,0.9925,158,33981108,0.9828,675562003,0.050301
2019-05,189421,189421,0.9923,187,35357994,0.9876,646216429,0.054715
2019-06,215214,215214,0.9923,162,34783203,0.9840,673084661,0.051677
2019-07,218117,218117,0.9802,300,65543687,0.9779,790502256,0.082914
2019-08,219172,219172,0.9913,262,57408267,0.9877,755100975,0.076027
2019-09,218281,218281,0.9767,237,51701160,0.9674,745812269,0.069322
2019-10,216885,216885,0.9790,155,33636276,0.9575,671480829,0.050093
2019-11,203975,203975,0.9822,171,34911332,0.9676,677342026,0.051542
2019-12,239754,239754,0.9923,182,43696156,0.9852,766355431,0.057018
2020-01,228201,228191,0.9877,199,45516682,0.9801,786449453,0.057876
2020-02,195336,191881,0.9817,188,36143547,0.9710,662593754,0.054549
2020-03,119022,60417,0.9885,190,11456984,0.9813,222416112,0.051511
2020-04,38976,408,0.9379,143,58199,0.8546,1079643,0.053906
2020-05,20657,7526,1.0000,188,1411267,1.0000,27191458,0.051901
2020-06,24787,10118,0.9991,234,2366678,0.9992,40585336,0.058314
2020-07,24033,14978,0.9989,375,5622759,0.9994,56303763,0.099865
2020-08,37830,24004,0.9946,291,6989088,0.9919,72214418,0.096782
2020-09,44400,26475,0.9951,325,8599723,0.9949,84017750,0.102356
2020-10,46857,33152,0.9938,342,11351501,0.9968,110129507,0.103074
2020-11,67195,37255,0.9966,274,10198938,0.9978,106429569,0.095828
2020-12,88157,37216,0.9967,237,8829368,0.9958,98299918,0.089821
2021-01,93136,54949,0.9951,300,16487805,0.9956,158226661,0.104204
2021-02,117554,59086,0.9939,277,16369794,0.9930,156355022,0.104696
2021-03,140083,75457,0.9963,245,18510970,0.9938,189430383,0.097719
2021-04,96441,57394,0.9964,301,17297376,0.9955,200615233,0.086222
2021-05,88648,53874,0.9962,229,12330492,0.9944,153818831,0.080162
2021-06,78393,50833,0.9958,182,9266516,0.9931,128777911,0.071957
2021-07,59043,46743,0.9931,286,13352841,0.9930,166576703,0.080160
2021-08,70919,59245,0.9934,223,13191115,0.9908,188399732,0.070017
2021-09,114811,79823,0.9928,214,17092822,0.9903,243748288,0.070125
2021-10,160910,160910,0.9944,220,35439571,0.9903,483459745,0.073304
2021-11,193402,193402,0.9945,232,44829752,0.9920,604586009,0.074150
2021-12,230737,126523,0.9977,259,32738156,0.9969,396685054,0.082529
2022-01,226202,226202,0.9970,267,60360506,0.9961,735180652,0.082103
2022-02,192530,192530,0.9969,277,53240504,0.9956,646182952,0.082392
2022-03,235740,235740,0.9977,252,59291379,0.9961,733524861,0.080831
2022-04,225408,225408,0.9984,250,56296586,0.9973,719042069,0.078294
2022-05,249258,249258,0.9977,214,53383750,0.9948,757603341,0.070464
2022-06,243012,243012,0.9968,257,62381245,0.9951,742185112,0.084051
2022-07,259914,259914,0.9967,252,65597180,0.9943,769463390,0.085251
2022-08,265252,265252,0.9973,226,60020519,0.9944,766186201,0.078337
2022-09,263856,263856,0.9973,216,56933436,0.9948,779740958,0.073016
2022-10,269634,269634,0.9972,205,55191565,0.9943,792426254,0.069649
2022-11,256185,256185,0.9962,200,51258650,0.9924,754275326,0.067957
2022-12,282577,282577,0.9961,214,60578953,0.9930,843384296,0.071828
2023-01,273142,273142,0.9949,229,62557317,0.9922,848885105,0.073694
2023-02,240136,240136,0.9942,216,51826023,0.9917,717547590,0.072227
2023-03,251292,251292,0.9946,229,57580775,0.9903,766851261,0.075087
2023-04,241332,241332,0.9960,208,50215838,0.9924,690720662,0.072701
2023-05,262790,262790,0.9964,247,64935231,0.9941,809249806,0.080241
2023-06,253309,253309,0.9952,306,77566662,0.9934,842674577,0.092048
2023-07,280142,280142,0.9965,332,93011196,0.9956,939841662,0.098965
2023-08,267823,267823,0.9961,215,57494685,0.9919,804223372,0.071491
2023-09,265680,265680,0.9962,197,52324728,0.9915,798127289,0.065559
2023-10,266716,266716,0.9967,185,49242178,0.9920,820132370,0.060042
2023-11,247339,247339,0.9974,179,44390614,0.9939,768918063,0.057731
2023-12,290906,290906,0.9973,186,53981808,0.9937,880920992,0.061279
2024-01,281745,281745,0.9967,186,52289016,0.9921,862034194,0.060658
2024-02,292204,292204,0.9965,179,52371488,0.9914,860732060,0.060845
2024-03,274482,274482,0.9966,195,53572834,0.9929,860137819,0.062284
2024-04,273195,273195,0.9966,190,52019759,0.9926,836697626,0.062173
2024-05,263838,263838,0.9956,256,67660869,0.9931,903351311,0.074900
2024-06,249329,249329,0.9958,252,62869039,0.9922,838097185,0.075014
2024-07,274967,274967,0.9963,261,71727572,0.9936,960830705,0.074652
2024-08,266304,266304,0.9960,195,52000070,0.9897,875715848,0.059380
2024-09,246755,246755,0.9953,185,45618883,0.9900,799895619,0.057031
2024-10,264605,264605,0.9959,181,47988269,0.9895,883938645,0.054289
2024-11,261281,261281,0.9969,191,50028407,0.9920,893252396,0.056007
2024-12,318779,318779,0.9977,195,62179621,0.9935,1018259988,0.061065
2025-01,330340,330340,0.9969,202,66892457,0.9913,1075066065,0.062222
2025-02,294761,294761,0.9970,194,57256641,0.9929,938154611,0.061031
2025-03,252814,252814,0.9967,211,53467332,0.9933,891820234,0.059953
2025-04,274852,274852,0.9973,199,54565166,0.9936,905393054,0.060267
2025-05,259730,259730,0.9949,249,64564533,0.9920,902330943,0.071553
2025-06,243105,243105,0.9952,239,58082874,0.9918,801159070,0.072499
2025-07,270131,270131,0.9947,228,61713139,0.9902,952795299,0.064771
